threshold=0.99

data-set-1
[4, 5, 6, 6, 7, 8, 6, 9, 8, 7, 9, 8, 8, 9, 9, 8, 8, 8, 9, 9, 9],
__________________________________________________________________________


data-set-2
[3, 4, 4, 4, 5, 7, 7, 8, 9, 9, 8, 9, 6, 8, 8, 8, 8, 7, 5, 6, 8, 9, 9, 8, 5, 5, 5, 5, 5, 6, 5],
__________________________________________________________________________


data-set-3
[4, 4, 9, 7],
__________________________________________________________________________


data-set-4
[6, 7, 7, 8, 7, 7, 6, 8, 7, 7, 7, 8, 8, 8, 7, 7, 8, 8, 7, 7, 6, 7, 6, 7, 7, 7, 6, 7, 7, 7, 7, 8, 7, 7, 7, 6, 6, 7, 5, 7, 7, 8, 7, 7, 6, 7, 7, 8, 7, 7, 7, 7, 7, 7, 7, 7, 8, 7, 7, 7, 5, 7, 8, 8, 6, 6, 8, 8, 6, 7, 8, 7, 6],
__________________________________________________________________________
